layer,bin,range,n,MAE,SS_res,SS_tot_g,R2_global,cls_acc,pct_SS_res,overall_R2
img_enc.stage1,0,"[3.0, 5.0)",261,7.599988001973236,19601.838755902474,23576.395367306992,0.16858203086108625,0.038314176245210725,21.42893912771637,0.211676342772547
img_enc.stage1,1,"[5.0, 10.0)",245,6.212554608559122,12126.773047167757,11746.008446768634,-0.03241651001058776,0.15510204081632653,13.257117593885912,0.211676342772547
img_enc.stage1,2,"[10.0, 20.0)",235,3.5919387898546584,4571.113683688995,2274.5968659605087,-1.0096368513014373,0.7914893617021277,4.997190217379328,0.211676342772547
img_enc.stage1,3,"[20.0, 40.0)",259,13.353638221858551,55173.95241710533,78438.68728292434,0.29659770798948104,0.19305019305019305,60.31675306101839,0.211676342772547
img_enc.stage2,0,"[3.0, 5.0)",261,6.49601784885158,15793.783663169173,23576.395367306992,0.33010184902692297,0.07279693486590039,24.947215812006885,0.4544023143738718
img_enc.stage2,1,"[5.0, 10.0)",245,4.9525867501083685,9485.43383639091,11746.008446768634,0.19245470668800813,0.35918367346938773,14.982803996409388,0.4544023143738718
img_enc.stage2,2,"[10.0, 20.0)",235,4.26466720459309,6597.970524658292,2274.5968659605087,-1.9007208369084445,0.6510638297872341,10.421884844716299,0.4544023143738718
img_enc.stage2,3,"[20.0, 40.0)",259,9.552213690916084,31431.614778408446,78438.68728292434,0.5992842834679752,0.528957528957529,49.648095346867436,0.4544023143738718
img_enc.stage3,0,"[3.0, 5.0)",261,5.6469717080565704,12331.207313664832,23576.395367306992,0.4769680809321547,0.05363984674329502,27.876198745232045,0.6187757966447807
img_enc.stage3,1,"[5.0, 10.0)",245,4.040818856686962,6470.07021468275,11746.008446768634,0.449168605317776,0.3877551020408163,14.626383176628247,0.6187757966447807
img_enc.stage3,2,"[10.0, 20.0)",235,3.5795363203008126,4834.404032839531,2274.5968659605087,-1.1253893844604752,0.7191489361702128,10.928760194052241,0.6187757966447807
img_enc.stage3,3,"[20.0, 40.0)",259,7.457962396982554,20599.931143267313,78438.68728292434,0.7373753710466314,0.6447876447876448,46.568657884087465,0.6187757966447807
img_enc.stage4,0,"[3.0, 5.0)",261,4.124914509126509,7671.419643089519,23576.395367306992,0.6746143961545812,0.1685823754789272,25.392678437256507,0.7396391709427284
img_enc.stage4,1,"[5.0, 10.0)",245,3.5153538139498965,5309.561124920325,11746.008446768634,0.5479688994791245,0.45714285714285713,17.57484071537011,0.7396391709427284
img_enc.stage4,2,"[10.0, 20.0)",235,3.537612030353952,4665.535277367047,2274.5968659605087,-1.0511482044080371,0.7191489361702128,15.443091702404384,0.7396391709427284
img_enc.stage4,3,"[20.0, 40.0)",259,5.6581195790795284,12564.631872890372,78438.68728292434,0.8398158828491049,0.7799227799227799,41.589389144969,0.7396391709427284
lid_enc.stage1,0,"[3.0, 5.0)",261,6.588203914320789,14759.92670671221,23576.395367306992,0.3739532071480459,0.08812260536398467,16.58907495838862,0.233220576812894
lid_enc.stage1,1,"[5.0, 10.0)",245,5.899248004446224,10289.557255452539,11746.008446768634,0.12399541494598276,0.16326530612244897,11.564707602627111,0.233220576812894
lid_enc.stage1,2,"[10.0, 20.0)",235,3.7685866051531853,5232.90566383597,2274.5968659605087,-1.300585981694931,0.8,5.881402125667335,0.233220576812894
lid_enc.stage1,3,"[20.0, 40.0)",259,13.328070279714224,58691.388259357125,78438.68728292434,0.25175458319871813,0.25096525096525096,65.96481531331693,0.233220576812894
lid_enc.stage2,0,"[3.0, 5.0)",261,6.344131122603727,15503.259095532998,23576.395367306992,0.3424245371694471,0.0842911877394636,21.098502353599457,0.36674329762423996
lid_enc.stage2,1,"[5.0, 10.0)",245,5.198381556296835,9093.681397477067,11746.008446768634,0.22580666967094098,0.24489795918367346,12.375659671638694,0.36674329762423996
lid_enc.stage2,2,"[10.0, 20.0)",235,4.082511049635867,6585.587221090545,2274.5968659605087,-1.8952766618315051,0.7106382978723405,8.962375370740487,0.36674329762423996
lid_enc.stage2,3,"[20.0, 40.0)",259,11.105534292095877,42297.84940322641,78438.68728292434,0.46075271185173927,0.4092664092664093,57.56346260402137,0.36674329762423996
lid_enc.stage3,0,"[3.0, 5.0)",261,5.58570573887149,11940.388680538996,23576.395367306992,0.49354477245081574,0.10344827586206896,25.896439861063875,0.6026375547917504
lid_enc.stage3,1,"[5.0, 10.0)",245,4.094279261997768,6925.206673514054,11746.008446768634,0.41042042452990046,0.40816326530612246,15.019460667841466,0.6026375547917504
lid_enc.stage3,2,"[10.0, 20.0)",235,3.765774909486162,5447.105224446721,2274.5968659605087,-1.3947563218621322,0.7319148936170212,11.813738784875452,0.6026375547917504
lid_enc.stage3,3,"[20.0, 40.0)",259,7.632834430827137,21795.52412188366,78438.68728292434,0.7221329821180164,0.6332046332046332,47.2703606862192,0.6026375547917504
lid_enc.stage4,0,"[3.0, 5.0)",261,4.122529729572749,8348.004712484048,23576.395367306992,0.6459168340865165,0.18773946360153257,33.510875805217154,0.7853132083421683
lid_enc.stage4,1,"[5.0, 10.0)",245,3.3334181260089486,4631.57383187127,11746.008446768634,0.6056895537866371,0.46122448979591835,18.59223860168951,0.7853132083421683
lid_enc.stage4,2,"[10.0, 20.0)",235,3.062602968418852,3548.198942711878,2274.5968659605087,-0.5599243082635468,0.7361702127659574,14.243314204603447,0.7853132083421683
lid_enc.stage4,3,"[20.0, 40.0)",259,4.560274694877242,8383.552079510067,78438.68728292434,0.8931196789503753,0.7760617760617761,33.65357138848989,0.7853132083421683
transformer1,0,"[3.0, 5.0)",261,7.8945761183669285,20400.49378567064,23576.395367306992,0.1347068341940144,0.019157088122605363,23.207512992312516,0.24243396391048222
transformer1,1,"[5.0, 10.0)",245,5.423992110271843,9281.874015801719,11746.008446768634,0.20978483389774905,0.22448979591836735,10.559019505990111,0.24243396391048222
transformer1,2,"[10.0, 20.0)",235,4.089706887590125,6245.400870641781,2274.5968659605087,-1.7457176979818332,0.7617021276595745,7.104740864136604,0.24243396391048222
transformer1,3,"[20.0, 40.0)",259,13.138370281941182,51976.92750290599,78438.68728292434,0.3373559744131378,0.22007722007722008,59.12872663756077,0.24243396391048222
transformer2,0,"[3.0, 5.0)",261,6.95928129291169,19168.379402473387,23576.395367306992,0.1869673415362778,0.07662835249042145,29.5503953533307,0.4409759146588922
transformer2,1,"[5.0, 10.0)",245,4.692727593013219,8910.584000931678,11746.008446768634,0.2413947221889654,0.4122448979591837,13.736752311080508,0.4409759146588922
transformer2,2,"[10.0, 20.0)",235,4.284923788841734,6928.052446715976,2274.5968659605087,-2.045837506590612,0.6638297872340425,10.680438055324087,0.4409759146588922
transformer2,3,"[20.0, 40.0)",259,9.093523743530037,29859.728480299127,78438.68728292434,0.6193239648109279,0.5637065637065637,46.0324142802647,0.4409759146588922
transformer3,0,"[3.0, 5.0)",261,5.255370004880474,12930.365152746628,23576.395367306992,0.4515546184521083,0.12260536398467432,31.40750002533271,0.6451981797607397
transformer3,1,"[5.0, 10.0)",245,3.9284347436865983,6387.299222383557,11746.008446768634,0.45621533891023847,0.4204081632653061,15.514573495722694,0.6451981797607397
transformer3,2,"[10.0, 20.0)",235,3.505313708934378,5061.884888411574,2274.5968659605087,-1.2253986911540298,0.6723404255319149,12.295178665333166,0.6451981797607397
transformer3,3,"[20.0, 40.0)",259,6.25985624247076,16790.12403843145,78438.68728292434,0.7859458818086752,0.7258687258687259,40.782747813611444,0.6451981797607397
transformer4,0,"[3.0, 5.0)",261,4.720046618889118,10300.509381904103,23576.395367306992,0.5631007530443923,0.12643678160919541,30.11463050644243,0.7052257238399494
transformer4,1,"[5.0, 10.0)",245,3.8433773118622447,6125.761517574527,11746.008446768634,0.4784814309187949,0.3836734693877551,17.9093128148037,0.7052257238399494
transformer4,2,"[10.0, 20.0)",235,3.9683268323857734,5631.272259138379,2274.5968659605087,-1.4757232120604482,0.6127659574468085,16.463621077133876,0.7052257238399494
transformer4,3,"[20.0, 40.0)",259,5.275464934271735,12146.792769398151,78438.68728292434,0.8451428346118888,0.7722007722007722,35.51243560161998,0.7052257238399494
